211833771
227305800
219757146
3584453011
2989458601
39429670
6066224974
2907832695
6089995680
4734918047
210479828
8130558809
4584132025
3110369601
6325468875
234945051
734233835
1718720997
4840698875
3550337278
597471983
1630760800
5387121393
5890769649
4775132366
2231061340
2070121520
1494067951
429184071
8062264350
318599424
6670996769
243969863
6805013284
3075511269
2191341298
7703582376
6969419614
5637348288
5766968133
316816936
1556004715
423422128
2035708774
1360376376
2297493709
178720829
1594766596
382848065
453782758
2210485683
2046974983
1698959879
37322926
1637860222
259514158
3295383064
2098298001
3665263074
434181916
215139840
856012710
7157615412
350406455
7178581101
5774096460
3211976160
6119785805
179270847
46577145
13940164
1498515870
5774780904
250505011
1359818315
7702044040
6625934245
2019760579
3270904132
477391968
1020803254
481249947
183327042
5416873096
24855419
2374691999
211186923
517594088
1309026702
218335858
2336955676
4536950820
1376132945
269239643
23278607
53741217
591494745
4515785887
2165731965
3694708855
600023837
43213572
49238592
34113680
242754469
7313195498
4289511541
38503186
393144619
5374323847
48241300
226637764
1350678816
1098102779
7642078266
4225362938
369914100
27641493
25040441
579981635
198867769
331284721
285072557
8131890773
5725564006
5707137744
5015413342
4036569284
2060885072
627442252
15085275
1182440520
293477497
231330522
314908017
1836183136
219159024
1234255223
504398195
217866222
259849176
45633246
6214622727
4663789725
3064041607
36668801
327092873
18099108
1721176993
1637381541
14852920
8061188663
7103748792
5988959678
5547761657
5332485319
5387043577
4536825846
3575368652
3139111491
3283456631
2044073441
34940243
273590478
144424775
16472531
177682301
7759594
1597327174
30858234
337091016
7448442884
5743079831
5369284126
4324181010
4021698304
2016600845
468662197
30130228
188335284
174254360
145323785
30885683
292894
41051284
348174087
7933979569
7077625098
5522735463
2288434442
26680702
194734091
477540251
1596891774
